C -1.16296 -0.794 1.22351
N 0.107162 -1.40464 0.851832
N -1.27103 0.609685 0.847542
H -1.2128 -0.826355 2.31584
H -1.98872 -1.35966 0.801306
C 1.26932 -0.607823 1.22421
C -0.108235 1.40569 1.21865
N -1.83588 0.877505 -0.438578
N 0.154901 -2.02494 -0.436004
N 1.16258 0.796016 0.848576
O -1.60617 1.98022 -0.907678
O -2.56169 0.0109806 -0.897919
O 1.26709 -2.21518 -0.900332
O -0.915573 -2.38008 -0.901554
H 1.32324 -0.632571 2.31655
H 2.17174 -1.041 0.802181
H -0.184204 2.40192 0.792143
H -0.113664 1.46951 2.31075
N 1.68171 1.14774 -0.436559
O 1.28984 2.20461 -0.903715
O 2.52927 0.40047 -0.896976
