C -4.15301 -2.83543 4.36924
N 0.382685 -5.01606 3.04195
N -4.53893 2.17723 3.02663
H -4.33099 -2.95098 8.27002
H -7.10188 -4.85545 2.86152
C 4.53285 -2.17058 4.37174
C -0.386514 5.01983 4.3519
N -6.55605 3.13364 -1.5662
N 0.553164 -7.23121 -1.557
N 4.15165 2.84263 3.03033
O -5.73575 7.07153 -3.24138
O -9.14799 0.0392126 -3.20653
O 4.52486 -7.91058 -3.21515
O -3.26958 -8.49946 -3.21951
H 4.72538 -2.25896 8.27259
H 7.75544 -3.7175 2.86465
H -0.657807 8.57744 2.8288
H -0.405903 5.24772 8.25185
N 6.0055 4.09867 -1.55899
O 4.60611 7.87283 -3.22723
O 9.0322 1.43011 -3.20317
