     C      -2.19767505    -1.50044395     2.31209598
     N       0.20250753    -2.65438066     1.60972908
     N      -2.40189197     1.15213802     1.60162210
     H      -2.29185480    -1.56158602     4.37629966
     H      -3.75814412    -2.56939029     1.51424870
     C       2.39867593    -1.14861964     2.31342277
     C      -0.20453393     2.65637375     2.30292135
     N      -3.46930402     1.65824558    -0.82879319
     N       0.29272116    -3.82658545    -0.82392759
     N       2.19695280     1.50425310     1.60357719
     O      -3.03522401     3.74208400    -1.71526322
     O      -4.84089982     0.02075037    -1.69682171
     O       2.39444593    -4.18609045    -1.70138194
     O      -1.73018249    -4.49770943    -1.70369029
     H       2.50055689    -1.19538625     4.37765454
     H       4.10399229    -1.96721125     1.51590251
     H      -0.34809564     4.53897797     1.49693447
     H      -0.21479414     2.77696968     4.36668197
     N       3.17796772     2.16891770    -0.82497797
     O       2.43744125     4.16611187    -1.70777373
     O       4.77962653     0.75677945    -1.69503873
