 N  0.1071620      -1.404640      0.8518320    
 N  0.1549010      -2.024940     -0.4360040    
 O   1.267090      -2.215180     -0.9003320    
 O -0.9155730      -2.380080     -0.9015540    
 C  -1.162960     -0.7940000       1.223510    
 H  -1.212800     -0.8263550       2.315840    
 H  -1.988720      -1.359660      0.8013060    
 N  -1.271030      0.6096850      0.8475420    
 C   1.269320     -0.6078230       1.224210    
 C -0.1082350       1.405690       1.218650    
 N  -1.835880      0.8775050     -0.4385780    
 N   1.162580      0.7960160      0.8485760    
 O  -2.561690      1.0980600E-02 -0.8979190    
 H   1.323240     -0.6325710       2.316550    
 H   2.171740      -1.041000      0.8021810    
 H -0.1136640       1.469510       2.310750    
 N   1.681710       1.147740     -0.4365590    
 O   2.529270      0.4004700     -0.8969760    
 H -0.1781656       2.322734      0.8260441    
 H  -1.647619       1.781248     -0.8230343    
 H   1.360545       2.013919     -0.8194260    
