   1     1
   2     2
   3     3
   4     4
   5     7
   6     8
   7     9
   8    10
   9    11
  10    12
  11    13
  12    17
  13    18
  14     3
  15     4
  16    13
  17    18
  18     8
  19    12
  20     3
  21     4
  22    13
  23    18
  24     1
  25     2
  25     3
  26     2
  26     4
  27     1
  27     7
  28     1
  28     9
  29     5
  29     7
  30     7
  30     8
  31     6
  31     7
  32     9
  32    14
  33     9
  33    12
  34     9
  34    15
  35     8
  35    10
  36    10
  36    12
  37    10
  37    19
  38    10
  38    16
  39    11
  39    13
  40    11
  40    22
  41    11
  41    20
  42    17
  42    18
  43    17
  43    23
  44    17
  44    21
  45     1
  45     2
  46     2
  46     3
  46     4
  47     2
  47     3
  47     4
  48     8
  48    11
  48    13
  49     8
  49    11
  49    13
  50    12
  50    17
  50    18
  51    12
  51    17
  51    18
  52     2
  52     3
  53     2
  53     4
  54     1
  54     7
  55     1
  55     9
  56     5
  56     7
  57     7
  57     8
  58     6
  58     7
  59     9
  59    14
  60     9
  60    12
  61     9
  61    15
  62     8
  62    10
  63    10
  63    12
  64    10
  64    19
  65    10
  65    16
  66    11
  66    13
  67    11
  67    22
  68    11
  68    20
  69    17
  69    18
  70    17
  70    23
  71    17
  71    21
  72     1
  72     2
  73     2
  73     3
  73     4
  74     8
  74    11
  74    13
  75    12
  75    17
  75    18
