INTGRL        1    0    1    0    0    0    0    0    0
         *** ACES2 Program System (Release V0.1) *** 
H2O SCF
    3    0            0.10E-13              0    0
   9999.00      3.00
          1.00000000    1    1    1
H 01     -0.000000000000     -1.436971650095      0.994146687159
    3    1
       3.425251000       0.154329000
       0.623914000       0.535328100
       0.168855000       0.444634500
          8.00000000    1    2    1    1
O 02      0.000000000000     -0.000000000000     -0.125280590511
    6    2
     130.709320000       0.154329000       0.000000000
      23.808861000       0.535328100       0.000000000
       6.443608000       0.444634500       0.000000000
       5.033151000       0.000000000      -0.099967200
       1.169596000       0.000000000       0.399512800
       0.380389000       0.000000000       0.700115500
    3    1
       5.033151000       0.155916300
       1.169596000       0.607683700
       0.380389000       0.391957400
          1.00000000    1    1    1
H 03      0.000000000000      1.436971650095      0.994146687159
    3    1
       3.425251000       0.154329000
       0.623914000       0.535328100
       0.168855000       0.444634500
FINISH
