   1     1
   2     2
   3     1
   4     1
   5     2
   6     2
   7     1
   7     4
   8     1
   8     3
   9     2
   9     6
  10     2
  10     5
  11     1
  11     4
  12     1
  12     3
  13     2
  13     6
  14     2
  14     5
  15     1
  16     1
  17     1
  18     1
  19     1
  20     1
  21     1
  22     1
  23     1
  24     1
  25     1
  26     1
  27     1
  28     1
  29     1
  30     1
  31     1
  32     1
  33     1
  34     1
  35     1
  36     1
  37     1
  38     1
  39     1
  40     2
  41     2
  42     2
  43     2
  44     2
  45     2
  46     2
  47     2
  48     2
  49     2
  50     2
  51     2
  52     2
  53     2
  54     2
  55     2
  56     2
  57     2
  58     2
  59     2
  60     2
  61     2
  62     2
  63     2
  64     2
  65     3
  66     3
  67     3
  68     3
  69     3
  70     3
  71     3
  72     3
  73     3
  74     3
  75     3
  76     3
  77     3
  78     4
  79     4
  80     4
  81     4
  82     4
  83     4
  84     4
  85     4
  86     4
  87     4
  88     4
  89     4
  90     4
  91     5
  92     5
  93     5
  94     5
  95     5
  96     5
  97     5
  98     5
  99     5
 100     5
 101     5
 102     5
 103     5
 104     6
 105     6
 106     6
 107     6
 108     6
 109     6
 110     6
 111     6
 112     6
 113     6
 114     6
 115     6
 116     6
